name: legendary-waffle
channels:
  - conda-forge
  - defaults
dependencies:
  - bzip2=1.0.8=h2466b09_7
  - ca-certificates=2025.8.3=h4c7d964_0
  - intel-openmp=2025.2.0=h57928b3_757
  - libblas=3.9.0=28_h576b46c_mkl
  - libcblas=3.9.0=28_h7ad3364_mkl
  - libexpat=2.7.1=hac47afa_0
  - libffi=3.4.6=h537db12_1
  - liblapack=3.9.0=28_hacfb0e4_mkl
  - liblzma=5.8.1=h2466b09_2
  - libsqlite=3.50.4=hf5d6505_0
  - libzlib=1.3.1=h2466b09_2
  - mkl=2020.4=hb70f87d_311
  - numpy=2.3.2=py312ha72d056_2
  - openssl=3.5.2=h725018a_0
  - pip=25.2=pyh8b19718_0
  - python=3.12.11=h3f84c4b_0_cpython
  - python_abi=3.12=6_cp312
  - setuptools=80.9.0=pyhff2d567_0
  - tk=8.6.13=h2c6b04d_2
  - tzdata=2025b=h78e105d_0
  - ucrt=10.0.26100.0=h57928b3_0
  - vc=14.3=h2df5915_10
  - vc14_runtime=14.44.35208=h818238b_31
  - vcomp14=14.44.35208=h818238b_31
  - wheel=0.45.1=pyhd8ed1ab_1
prefix: C:\Users\bullgom\anaconda3\envs\legendary-waffle
